-3.515424403718950819e-01 -2.398741803146152429e-01 3.258494742893539575e-01 -4.341407585517276790e-01 -1.262272963901622358e+00 6.380702941001480111e-02 -1.722973988449189031e+00 -9.369038692382285483e-01 -9.959752341606712411e-01 1.171301942348963676e+00 5.790857734202249363e-01 -1.066971425625314468e-01 1.518864468467072404e-01 -4.685192136896849657e-01 -5.644370887271776827e-01
8.159043848059251980e-01 -4.256723159003030332e+00 -3.198873624348239186e+00 1.358972066630289299e-01 -5.616641244149588319e-01 1.845783672992191926e+00 -1.299683329240837182e+00 -3.148322361631622712e+00 -1.771683100373184772e+00 2.395161267468326916e+00 1.649287629841552860e+00 -2.014031843272077626e+00 3.119049846784683666e+00 5.216354469770105862e-01 6.844069594119077671e-01
-9.094440502338402288e-01 4.447528551739058367e-01 -2.625480522007448969e-01 6.523960517991729269e-01 -1.020603471755692659e+00 6.547180068569535827e-01 -1.847055744419417778e+00 -1.852947501254463558e-01 -9.799737915901995944e-01 -3.931114323849727588e-01 2.734915424747968449e-01 -1.384628895177762553e+00 3.112311182548180288e-01 -1.566447152625452532e-02 1.838795420086242194e+00
8.207245378353077436e-01 -2.483303677607071602e-01 1.843820381358240557e+00 1.116780655086061724e+00 5.890214432363558572e+00 -2.092238997580653237e+00 -1.333213960960060618e+00 4.383914490960052923e+00 -3.614822466713406568e-01 1.111179568762729719e+00 4.209119053805853577e-02 1.308064926387357385e+00 -9.743429281671028841e-01 -4.603053939609144107e-01 -1.670232463328957806e+00
1.346164350316464864e+00 -7.861012406313127032e-01 -9.125759787828265912e-01 -6.933316084360252596e-01 9.980703427038292164e-01 -3.435530032863732819e-01 -7.820847551356472360e-01 1.120056701377543762e+00 1.479548108873588008e+00 -3.848038006754874174e-01 3.202578138757045112e-01 9.009039978863377096e-02 1.146430349560504158e+00 -1.938273004478817674e-01 -1.448427341856625139e+00
5.688895321626457058e-01 1.365099362712769882e+00 -2.724117970925437948e+00 7.024764812190072982e-01 5.880869344670445642e+00 4.075772606665469588e+00 -2.619086602261392560e+00 -2.893207634898353309e+00 -5.583565350446130227e-01 9.071959998562395544e-01 3.251661080497783574e-01 1.068304484434135393e+00 -4.951588064286673863e+00 3.664306883115003632e+00 1.195253557327522920e+00
-5.818941491206611749e-01 -1.235626192271266577e+00 9.808500320503084069e-01 1.869620762876387010e+00 -2.847725764370582779e-01 1.137414071813703659e-01 2.425414551205425706e+00 -4.679331547212607356e-01 3.668514400248120144e-01 1.497313883889825004e+00 2.500153307035526407e+00 1.184863622284864637e-01 -1.329968130268652127e+00 3.142645260045700883e+00 4.803131712227033390e-01
-3.897509952593817939e+00 -4.147728193434638833e+00 2.743979181516109089e-01 -5.121161179283726383e-01 -1.662524409594508645e+00 -2.411642333589409493e+00 -9.180213791719479266e-01 3.168507380632392234e+00 -6.032568011871396463e-01 -1.123851481645491424e+00 5.531204697973077788e-01 -1.505244884369292546e-01 -5.872026616531291765e-01 -3.452104200865704908e-01 -1.044030138018221393e-01
-8.802803788623465575e-01 2.895902970949705058e+00 6.154821370566505578e-01 -8.261038236653251987e-01 -1.183869426553193271e+00 -2.655608542624558477e-01 -7.866418954987537682e-02 2.287748502544681428e-01 -3.517420423597994450e-01 1.625436524564159768e+00 9.700313121191319610e-01 -7.802583961916090827e-01 1.211747443375766675e+00 -1.955063753731518084e+00 1.166915372528376071e+00
1.480831137279305931e-01 3.636502341340752675e-01 3.695660392868179933e+00 -4.795983813407015184e+00 -2.542714955111970987e+00 4.773982313454646409e+00 9.214898598857647338e-02 1.175009121819764690e+00 4.049155931009412512e+00 1.459189759271730891e+00 -6.031081978746766215e-01 -1.394765498100496992e-01 -2.245038575127355163e+00 -3.066972537438224400e+00 1.273310587923918158e+00
1.598292174143744582e+00 4.608992188554348890e-01 -1.137297451613318966e+00 5.740004751030128860e-01 1.497647689077421740e+00 -5.020561406865419185e-01 -5.573136339902675651e-01 1.482539110169941221e+00 -9.100865669990881868e-01 1.579710205893575470e+00 1.795963261933315014e+00 -5.236705732454064455e-01 1.927890275723872948e+00 1.482404891578182005e+00 -5.390068238188786554e-01
-1.965643374397231469e+00 3.539888768248830697e+00 6.299896631252039914e-01 -1.411313036114419939e+00 -2.087921320062542385e+00 -1.003149901159740898e+00 1.770840678217917019e-01 1.088356931820580353e+00 -2.190944476987176426e+00 2.297260050957160848e-01 5.027286846373421048e-01 -5.343330233246120775e-01 2.736982372290486687e+00 -3.161839827696273364e+00 2.073117632536850774e+00
2.953931765171159962e-01 -1.273883701865583307e+00 2.363842846363356509e-01 1.231308352395942496e+00 8.402108093113510590e-01 5.375570825190474356e-01 -2.204814155313949697e-01 3.471660024233345077e-01 1.584112804517454176e+00 1.117773243127306859e+00 -6.084149262308222728e-01 -4.800528421416686564e-01 5.000805534693032461e-01 -1.258572476825941318e-04 -6.696364201923228343e-01
3.341657082484195573e+00 -1.667812276553666928e+00 -1.986230780739027257e-01 2.015932170487340080e+00 -6.201868825052574419e-01 1.375679723205760263e+00 -2.847883028125875793e+00 -3.638995809118980573e-01 1.070475918709375307e+00 1.300471518258613290e+00 1.177473672816651717e+00 -2.991073864777439528e+00 1.050733033422565355e-01 3.257906180495457438e+00 4.180454338896723576e-01
-6.115668785676760949e-02 -3.686557033134522238e-02 -2.627103007450243277e-01 -2.682877928880642582e-01 1.683104555446637840e-01 9.596097901833558486e-02 -8.386519046844403968e-01 1.672114542320380648e-01 1.015916438442925340e+00 6.017349385329751055e-01 8.793773880686793498e-02 9.866180216114024404e-01 1.235791228959420285e-01 5.635663180763895719e-01 1.829764122757658207e+00
