-4.384601275173946711e+00 -1.346328674391492619e+00 -2.020042907899142648e+00 9.433940979939288152e-01
-6.985037952345372503e+00 6.443353765276039979e+00 -1.254896781747468215e-01 -6.644457888538541912e-01
-2.430490501518160595e+00 3.757316423242795356e+00 -2.382838988617521192e+00 -6.165976847104655434e+00
3.719898480587926493e-01 -8.298727348093574152e-01 -4.657586692909067239e+00 3.185520252808800468e+00
7.029893455137825597e+00 -4.904726941165249876e+00 -5.838273021179659850e+00 2.551386916171285990e-01
4.925342095814219334e+00 -2.822829902463289464e+00 6.061992191168791955e+00 -9.554742524637617196e-01
9.933125354027091958e-02 7.127770125642543531e-02 5.078833527540029674e-02 -3.290940160203854603e-01
3.982128328471237211e+00 3.319650132810364251e+00 -4.230671982948767784e+00 -4.413566921813860677e-01
-2.068285391507326487e+00 -2.981083069117060003e+00 2.445321247755440908e+00 -4.704623206094658450e+00
-3.867096903737274438e+00 6.295816157489386722e-01 2.370878007837334600e+00 1.821448024039215019e-01
-3.295463933766958231e+00 9.143073906669498818e-01 -3.306610772998440084e-01 -7.530431123326802867e-01
-2.050012776461998865e+00 -3.613464758824129763e-01 3.017254804230825038e-01 -1.668244649373645805e+00
-4.089903424864480108e+00 3.488947749583458435e+00 4.637670897516835922e+00 6.836406784680264082e+00
-3.890710749938879331e-01 -6.908018613600308555e+00 -4.557793636060378795e+00 2.297177353709622949e+00
8.490182636244936187e-01 1.785410722440863962e+00 2.082642054632172890e+00 -4.346186146404989459e-01
